# unix_time, cycles_done, cur_path, paths_total, pending_total, pending_favs, map_size, unique_crashes, unique_hangs, max_depth, execs_per_sec
1495542410, 0, 0, 2, 2, 0, 0.00%, 0, 0, 1, 0.00
1495542415, 0, 0, 2, 2, 0, 0.00%, 2, 0, 1, 297.27
1495542421, 0, 0, 2, 2, 0, 0.00%, 4, 0, 1, 315.00
1495542426, 0, 0, 2, 2, 0, 0.00%, 5, 0, 1, 318.59
1495542431, 0, 0, 2, 2, 0, 0.00%, 7, 0, 1, 313.60
1495542436, 0, 0, 2, 2, 0, 0.00%, 10, 0, 1, 294.13
1495542441, 0, 0, 2, 2, 0, 0.00%, 13, 0, 1, 304.36
1495542446, 0, 0, 2, 2, 0, 0.00%, 16, 0, 1, 314.93
1495542451, 0, 0, 2, 2, 0, 0.00%, 19, 0, 1, 321.62
1495542456, 0, 0, 2, 2, 0, 0.00%, 20, 0, 1, 321.79
1495542462, 0, 0, 2, 2, 0, 0.00%, 22, 0, 1, 320.61
1495542467, 0, 0, 2, 2, 0, 0.00%, 24, 0, 1, 320.77
1495542472, 0, 0, 2, 2, 0, 0.00%, 27, 0, 1, 320.79
