# unix_time, cycles_done, cur_path, paths_total, pending_total, pending_favs, map_size, unique_crashes, unique_hangs, max_depth, execs_per_sec
1497096702, 0, 0, 2, 2, 0, 0.00%, 0, 0, 1, 285.71
1497098661, 0, 0, 2, 2, 0, 0.00%, 0, 1, 1, 0.07
1497098666, 0, 0, 2, 2, 0, 0.00%, 0, 2, 1, 278.16
1497098778, 0, 0, 2, 2, 0, 0.00%, 0, 3, 1, 281.68
1497099039, 0, 0, 2, 2, 0, 0.00%, 0, 4, 1, 293.19
1497099494, 0, 0, 2, 2, 0, 0.00%, 0, 5, 1, 291.21
1497099524, 0, 0, 2, 2, 0, 0.00%, 0, 6, 1, 293.50
1497099622, 0, 0, 2, 2, 0, 0.00%, 0, 8, 1, 276.79
1497100283, 0, 0, 2, 2, 0, 0.00%, 0, 9, 1, 298.18
